name: Albers Equal Area
datum: nad83
towgs84: 0.000,0.000,0.000
proj: aea
ellps: grs80
a: 6378137.0000000000
es: 0.0066943800
f: 298.2572221010
lat_0: 23.0000000000
lat_1: 29.5000000000
lat_2: 45.5000000000
lon_0: -96.0000000000
x_0: 0.0000000000
y_0: 0.0000000000
